ST_01 34.2 520.5 58.1 1012.8 14.0 2 2026-05-19_00:00
ST_02 33.9 510.2 57.6 1013.0 13.7 1 2026-05-19_00:00
ST_01 33.8 515.3 58.4 1012.7 13.8 2 2026-05-19_01:00
ST_02 33.6 500.8 57.9 1012.9 13.5 1 2026-05-19_01:00
ST_01 33.5 505.1 58.7 1012.6 13.6 2 2026-05-19_02:00
ST_02 33.3 490.4 58.1 1012.8 13.3 1 2026-05-19_02:00
ST_01 33.2 495.6 58.9 1012.5 13.4 2 2026-05-19_03:00
ST_02 33.0 480.9 58.4 1012.7 13.2 1 2026-05-19_03:00
ST_01 32.9 485.2 59.1 1012.4 13.2 2 2026-05-19_04:00
ST_02 32.7 475.6 58.7 1012.6 13.0 1 2026-05-19_04:00
ST_01 33.1 500.7 58.5 1012.5 13.5 2 2026-05-19_05:00
ST_02 32.9 490.3 58.0 1012.7 13.1 1 2026-05-19_05:00
ST_01 34.0 720.4 57.8 1012.9 15.2 3 2026-05-19_06:00
ST_02 33.7 690.6 57.3 1013.1 14.9 2 2026-05-19_06:00
ST_01 35.2 980.5 56.9 1013.2 17.8 4 2026-05-19_07:00
ST_02 34.8 940.2 56.4 1013.4 17.2 3 2026-05-19_07:00
ST_01 36.1 1250.7 55.8 1013.5 20.1 5 2026-05-19_08:00
ST_02 35.7 1180.4 55.2 1013.7 19.4 4 2026-05-19_08:00
ST_01 36.9 1500.3 54.9 1013.6 22.5 5 2026-05-19_09:00
ST_02 36.4 1420.6 54.3 1013.8 21.7 4 2026-05-19_09:00
ST_01 37.3 1700.8 53.8 1013.7 24.0 5 2026-05-19_10:00
ST_02 36.8 1600.5 53.2 1013.9 23.1 4 2026-05-19_10:00
ST_01 37.6 1800.4 52.9 1014.0 25.2 5 2026-05-19_11:00
ST_02 37.1 1720.1 52.4 1014.2 24.5 4 2026-05-19_11:00
ST_01 37.7 1850.2 52.6 1014.1 25.8 5 2026-05-19_12:00
ST_02 37.3 1780.9 52.1 1014.3 25.0 4 2026-05-19_12:00
ST_01 37.4 1700.6 52.8 1014.0 25.0 5 2026-05-19_13:00
ST_02 37.1 1650.2 52.3 1014.2 24.2 4 2026-05-19_13:00
ST_01 36.9 1400.5 53.4 1013.9 23.0 4 2026-05-19_14:00
ST_02 36.6 1350.1 52.9 1014.1 22.3 4 2026-05-19_14:00
ST_01 36.3 1100.7 54.0 1013.7 21.0 4 2026-05-19_15:00
ST_02 36.0 1050.3 53.5 1013.9 20.4 3 2026-05-19_15:00
ST_01 35.6 850.6 55.1 1013.5 19.0 3 2026-05-19_16:00
ST_02 35.3 820.2 54.6 1013.7 18.5 3 2026-05-19_16:00
ST_01 34.9 700.4 56.0 1013.3 17.2 3 2026-05-19_17:00
ST_02 34.6 680.1 55.5 1013.5 16.8 2 2026-05-19_17:00
ST_01 34.3 600.5 56.8 1013.1 16.0 2 2026-05-19_18:00
ST_02 34.0 580.2 56.3 1013.3 15.5 2 2026-05-19_18:00
ST_01 33.9 540.8 57.4 1012.9 15.0 2 2026-05-19_19:00
ST_02 33.6 520.4 56.9 1013.1 14.6 1 2026-05-19_19:00
ST_01 33.6 500.6 57.8 1012.8 14.3 2 2026-05-19_20:00
ST_02 33.3 490.1 57.3 1013.0 14.0 1 2026-05-19_20:00
ST_01 33.4 480.7 58.1 1012.7 13.9 2 2026-05-19_21:00
ST_02 33.1 470.3 57.6 1012.9 13.6 1 2026-05-19_21:00
ST_01 33.2 460.5 58.4 1012.6 13.7 2 2026-05-19_22:00
ST_02 33.0 450.2 57.9 1012.8 13.4 1 2026-05-19_22:00
ST_01 33.1 440.8 58.7 1012.5 13.5 2 2026-05-19_23:00
ST_02 32.9 430.4 58.2 1012.7 13.2 1 2026-05-19_23:00